a 0.625 0.5 0.5 0.5 0.375 0.5 0.5 0.5 0.5 0.75 0.75 
¹ 0.625 0.5 0.5 0.5 0.375 0.5 0.5 0.5 0.5 0.75 0.75 0.125 0.125 0.125 0.125 0.25 
b 0.222222 0.333333 0.222222 0.222222 0.222222 0.666667 0.555556 0.555556 0.444444 0.444444 0.444444 0.444444 0.444444 0.444444 0.444444 0.444444 
c 0.571429 0.571429 0.428571 0.285714 0.285714 0.285714 0.285714 0.428571 0.428571 0.857143 0.571429 
æ 0.285714 0.142857 0.142857 0.142857 0 0.571429 0.571429 0.428571 0.285714 0.285714 0.285714 0.285714 0.428571 0.428571 0.857143 0.571429 
d 0.222222 0.333333 0.222222 0.222222 0.222222 0.555556 0.444444 0.444444 0.444444 0.444444 0.444444 0.444444 0.444444 0.444444 0.777778 0.666667 
e 0.571429 0.571429 0.428571 1.14286 0.285714 0.285714 0.285714 0.571429 0.714286 0.857143 0.571429 
ê 0.571429 0.571429 0.428571 1.14286 0.285714 0.285714 0.285714 0.571429 0.714286 0.857143 0.571429 0.142857 0.142857 0.142857 0.142857 0.428571 
f 0.5 0.375 0.5 0.25 0.25 0.875 0.25 0.25 0.25 0.25 0.25 0.25 0.25 0.25 0.25 0.75 
g 0.444444 0.666667 0.444444 0.444444 0.444444 0.444444 0.444444 0.222222 0.111111 0.888889 0.888889 0.222222 0.222222 0.222222 0.333333 0.666667 
h 0.222222 0.333333 0.222222 0.222222 0.222222 0.555556 0.666667 0.444444 0.444444 0.444444 0.444444 0.444444 0.444444 0.444444 0.444444 0.888889 
i 0.666667 0.666667 0 0 0 0.666667 1 0.666667 0.666667 0.666667 0.666667 0.666667 0.666667 0.666667 0.666667 1.33333 
j 0.4 0.4 0 0 0 0.4 0.6 0.4 0.4 0.4 0.4 0.4 0.4 0.4 0.4 0.4 0.4 0.4 0.4 0.6 0.8 
k 0.2 0.3 0.2 0.2 0.2 0.6 0.3 0.3 0.3 0.3 0.4 0.4 0.4 0.4 0.4 0.9 
l 0.666667 1 0.666667 0.666667 0.666667 0.666667 0.666667 0.666667 0.666667 0.666667 0.666667 0.666667 0.666667 0.666667 0.666667 1.33333 
³ 0.4 0.6 0.4 0.4 0.4 0.4 0.6 0.6 0.4 0.6 0.6 0.4 0.4 0.4 0.4 0.8 
m 0.533333 0.8 0.4 0.4 0.4 0.4 0.4 0.4 0.4 0.4 0.8 
n 0.555556 0.777778 0.444444 0.444444 0.444444 0.444444 0.444444 0.444444 0.444444 0.444444 0.888889 
ñ 0.222222 0.111111 0.111111 0.111111 0 0.555556 0.777778 0.444444 0.444444 0.444444 0.444444 0.444444 0.444444 0.444444 0.444444 0.888889 
o 0.5 0.5 0.375 0.5 0.5 0.5 0.5 0.5 0.375 0.625 0.375 
ó 0.25 0.125 0.125 0.125 0 0.5 0.5 0.375 0.5 0.5 0.5 0.5 0.5 0.375 0.625 0.375 
p 0.666667 0.666667 0.555556 0.444444 0.444444 0.444444 0.444444 0.444444 0.444444 0.555556 0.555556 0.222222 0.222222 0.222222 0.222222 0.444444 
r 0.833333 1 0.333333 0.333333 0.333333 0.333333 0.333333 0.333333 0.333333 0.333333 0.666667 
s 0.833333 0.5 0.333333 0.333333 0.666667 0.833333 0.666667 0.333333 0.333333 0.5 0.833333 
œ 0.333333 0.166667 0.166667 0.166667 0 0.833333 0.5 0.333333 0.333333 0.666667 0.833333 0.666667 0.333333 0.333333 0.5 0.833333 
t 0.2 0.4 0.4 1 0.4 0.4 0.4 0.4 0.4 0.4 0.4 0.4 0.6 0.6 
u 0.666667 0.444444 0.444444 0.444444 0.444444 0.444444 0.444444 0.444444 0.444444 0.666667 0.666667 
w 0.866667 0.333333 0.333333 0.4 0.4 0.4 0.4 0.4 0.4 0.266667 0.133333 
y 0.8 0.4 0.3 0.3 0.3 0.3 0.3 0.3 0.2 0.2 0.1 0.1 0.1 0.2 0.4 0.3 
z 1 0.375 0.25 0.25 0.25 0.375 0.25 0.25 0.25 0.375 1.125 
Ÿ 0.25 0.125 0.125 0.125 0 1 0.375 0.25 0.25 0.25 0.375 0.25 0.25 0.25 0.375 1.125 
¿ 0.25 0.25 0 1 0.375 0.25 0.25 0.25 0.375 0.25 0.25 0.25 0.375 1.125 
